1762130598257 296.21549797058105 1
1762130970070 668.0225956439972 2
1762131514447 1212.3924746513367 3
1762132042536 1740.3928048610687 4
1762132543780 2241.6309399604797 5
1762133038003 2735.8482871055603 6
1762133589552 3287.3909673690796 7
1762134178711 3876.544897079468 8
1762134751548 4449.375350952148 9
1762135351428 5049.249633073807 10
1762135926591 5624.408724308014 11
1762136524126 6221.858735084534 12
1762137123096 6820.823857545853 13
1762137729008 7426.729352474213 14
1762138313153 8010.790787696838 15
1762138910083 8607.617367982864 16
1762139505323 9202.853555440903 17
1762140021793 9719.319300889969 18
1762140611880 10309.401830673218 19
1762141198174 10895.690932750702 20
1762141726192 11423.703462839127 21
1762142230887 11928.393007516861 22
1762142757394 12454.895558595657 23
1762143109782 12807.276441812515 24
1762143398381 13095.870460510254 25
1762143721317 13418.80164527893 26
1762144055087 13752.566455125809 27
1762144391071 14088.54347372055 28
1762144722397 14419.863796949387 29
1762145083049 14780.512076377869 30
1762145490309 15187.766778230667 31
1762145906789 15604.241843938828 32
1762146356750 16054.198175430298 33
1762146826543 16523.98474431038 34
1762147290845 16988.28228855133 35
1762147787582 17485.014468431473 36
1762148285305 17982.733327627182 37
1762148772290 18469.71145606041 38
1762149220011 18917.42675447464 39
1762149663461 19360.873235464096 40
1762150124687 19822.095121622086 41
1762150569859 20267.26227426529 42
1762151008970 20706.368661642075 43
1762151462487 21159.88029408455 44
1762151881733 21579.122109413147 45
1762152326659 22024.044456720352 46
1762152777149 22474.529428482056 47
1762153200192 22897.569252490997 48
1762153625727 23323.10010933876 49
1762154075780 23773.14771962166 50
