1762130598257 296.21549797058105 1
1762130970070 371.80709767341614 2
1762131514447 544.3698790073395 3
1762132042536 528.000330209732 4
1762132543780 501.238135099411 5
1762133038003 494.21734714508057 6
1762133589552 551.5426802635193 7
1762134178711 589.1539297103882 8
1762134751548 572.8304538726807 9
1762135351428 599.8742821216583 10
1762135926591 575.1590912342072 11
1762136524126 597.4500107765198 12
1762137123096 598.965122461319 13
1762137729008 605.90549492836 14
1762138313153 584.0614352226257 15
1762138910083 596.826580286026 16
1762139505323 595.2361874580383 17
1762140021793 516.4657454490662 18
1762140611880 590.0825297832489 19
1762141198174 586.2891020774841 20
1762141726192 528.0125300884247 21
1762142230887 504.6895446777344 22
1762142757394 526.5025510787964 23
1762143109782 352.3808832168579 24
1762143398381 288.59401869773865 25
1762143721317 322.93118476867676 26
1762144055087 333.76480984687805 27
1762144391071 335.9770185947418 28
1762144722397 331.32032322883606 29
1762145083049 360.64827942848206 30
1762145490309 407.25470185279846 31
1762145906789 416.4750657081604 32
1762146356750 449.95633149147034 33
1762146826543 469.7865688800812 34
1762147290845 464.29754424095154 35
1762147787582 496.7321798801422 36
1762148285305 497.71885919570923 37
1762148772290 486.97812843322754 38
1762149220011 447.71529841423035 39
1762149663461 443.4464809894562 40
1762150124687 461.2218861579895 41
1762150569859 445.16715264320374 42
1762151008970 439.1063873767853 43
1762151462487 453.51163244247437 44
1762151881733 419.241815328598 45
1762152326659 444.9223473072052 46
1762152777149 450.4849717617035 47
1762153200192 423.03982400894165 48
1762153625727 425.53085684776306 49
1762154075780 450.04761028289795 50
