1762130598257 1.0 1
1762130970070 2.0 2
1762131514447 3.0 3
1762132042536 4.0 4
1762132543780 5.0 5
1762133038003 6.0 6
1762133589552 7.0 7
1762134178711 8.0 8
1762134751548 9.0 9
1762135351428 10.0 10
1762135926591 11.0 11
1762136524126 12.0 12
1762137123096 13.0 13
1762137729008 14.0 14
1762138313153 15.0 15
1762138910083 16.0 16
1762139505323 17.0 17
1762140021793 18.0 18
1762140611880 19.0 19
1762141198174 20.0 20
1762141726192 21.0 21
1762142230887 22.0 22
1762142757394 23.0 23
1762143109782 24.0 24
1762143398381 25.0 25
1762143721317 26.0 26
1762144055087 27.0 27
1762144391071 28.0 28
1762144722397 29.0 29
1762145083049 30.0 30
1762145490309 31.0 31
1762145906789 32.0 32
1762146356750 33.0 33
1762146826543 34.0 34
1762147290845 35.0 35
1762147787582 36.0 36
1762148285305 37.0 37
1762148772290 38.0 38
1762149220011 39.0 39
1762149663461 40.0 40
1762150124687 41.0 41
1762150569859 42.0 42
1762151008970 43.0 43
1762151462487 44.0 44
1762151881733 45.0 45
1762152326659 46.0 46
1762152777149 47.0 47
1762153200192 48.0 48
1762153625727 49.0 49
1762154075780 50.0 50
