1762130598257 0.0056858062744140625 1
1762130970070 0.0056858062744140625 2
1762131514447 0.0056858062744140625 3
1762132042536 0.0056858062744140625 4
1762132543780 0.0056858062744140625 5
1762133038003 0.0056858062744140625 6
1762133589552 0.0056858062744140625 7
1762134178711 0.0056858062744140625 8
1762134751548 0.0056858062744140625 9
1762135351428 0.0056858062744140625 10
1762135926591 0.0056858062744140625 11
1762136524126 0.0056858062744140625 12
1762137123096 0.0056858062744140625 13
1762137729008 0.0056858062744140625 14
1762138313153 0.0056858062744140625 15
1762138910083 0.0056858062744140625 16
1762139505323 0.0056858062744140625 17
1762140021793 0.0056858062744140625 18
1762140611880 0.0056858062744140625 19
1762141198174 0.0056858062744140625 20
1762141726192 0.0056858062744140625 21
1762142230887 0.0056858062744140625 22
1762142757394 0.0056858062744140625 23
1762143109782 0.0056858062744140625 24
1762143398381 0.0056858062744140625 25
1762143721317 0.0056858062744140625 26
1762144055087 0.0056858062744140625 27
1762144391071 0.0056858062744140625 28
1762144722397 0.0056858062744140625 29
1762145083049 0.0056858062744140625 30
1762145490309 0.0056858062744140625 31
1762145906789 0.0056858062744140625 32
1762146356750 0.0056858062744140625 33
1762146826543 0.0056858062744140625 34
1762147290845 0.0056858062744140625 35
1762147787582 0.0056858062744140625 36
1762148285305 0.0056858062744140625 37
1762148772290 0.0056858062744140625 38
1762149220011 0.0056858062744140625 39
1762149663461 0.0056858062744140625 40
1762150124687 0.0056858062744140625 41
1762150569859 0.0056858062744140625 42
1762151008970 0.0056858062744140625 43
1762151462487 0.0056858062744140625 44
1762151881733 0.0056858062744140625 45
1762152326659 0.0056858062744140625 46
1762152777149 0.0056858062744140625 47
1762153200192 0.0056858062744140625 48
1762153625727 0.0056858062744140625 49
1762154075780 0.0056858062744140625 50
