1762130598257 0.001 1
1762130970070 0.001 2
1762131514447 0.001 3
1762132042536 0.001 4
1762132543780 0.001 5
1762133038003 0.001 6
1762133589552 0.001 7
1762134178711 0.001 8
1762134751548 0.001 9
1762135351428 0.001 10
1762135926591 0.001 11
1762136524126 0.001 12
1762137123096 0.001 13
1762137729008 0.001 14
1762138313153 0.001 15
1762138910083 0.001 16
1762139505323 0.001 17
1762140021793 0.001 18
1762140611880 0.001 19
1762141198174 0.001 20
1762141726192 0.001 21
1762142230887 0.0005 22
1762142757394 0.0005 23
1762143109782 0.0005 24
1762143398381 0.0005 25
1762143721317 0.0005 26
1762144055087 0.0005 27
1762144391071 0.0005 28
1762144722397 0.0005 29
1762145083049 0.0005 30
1762145490309 0.0005 31
1762145906789 0.0005 32
1762146356750 0.0005 33
1762146826543 0.0005 34
1762147290845 0.0005 35
1762147787582 0.00025 36
1762148285305 0.00025 37
1762148772290 0.00025 38
1762149220011 0.00025 39
1762149663461 0.00025 40
1762150124687 0.00025 41
1762150569859 0.00025 42
1762151008970 0.00025 43
1762151462487 0.00025 44
1762151881733 0.00025 45
1762152326659 0.00025 46
1762152777149 0.000125 47
1762153200192 0.000125 48
1762153625727 0.000125 49
1762154075780 0.000125 50
