1762130598257 0.6020129132868995 1
1762130970070 0.42903617312831266 2
1762131514447 0.42803832797807606 3
1762132042536 0.4269276701955385 4
1762132543780 0.42282364915348725 5
1762133038003 0.42144236935295937 6
1762133589552 0.4189992762808304 7
1762134178711 0.41829681586086964 8
1762134751548 0.4203339670400893 9
1762135351428 0.4195039143058134 10
1762135926591 0.41508501597202807 11
1762136524126 0.4093186377838094 12
1762137123096 0.418129165219577 13
1762137729008 0.4196648042795906 14
1762138313153 0.4175378149341939 15
1762138910083 0.40964758465580614 16
1762139505323 0.41617747302764635 17
1762140021793 0.41494999617658634 18
1762140611880 0.4064720256995129 19
1762141198174 0.41264476175803866 20
1762141726192 0.41155053023582716 21
1762142230887 0.4091035182117134 22
1762142757394 0.4110437484731811 23
1762143109782 0.4097558710737468 24
1762143398381 0.41203118022197466 25
1762143721317 0.40639109167146853 26
1762144055087 0.4110480956065612 27
1762144391071 0.4045991432923143 28
1762144722397 0.4133521918754851 29
1762145083049 0.4102366866817611 30
1762145490309 0.4023545096531564 31
1762145906789 0.40190414544929315 32
1762146356750 0.40390335498744867 33
1762146826543 0.4026029632296613 34
1762147290845 0.4033030426950865 35
1762147787582 0.4085876593453055 36
1762148285305 0.4043808127069131 37
1762148772290 0.40615163220085976 38
1762149220011 0.4021450891610115 39
1762149663461 0.4070437279760197 40
1762150124687 0.408273941193003 41
1762150569859 0.4091442996455777 42
1762151008970 0.40704669859460607 43
1762151462487 0.40425322592044816 44
1762151881733 0.4073086210583273 45
1762152326659 0.4062831958882698 46
1762152777149 0.4064606067634398 47
1762153200192 0.401870371139605 48
1762153625727 0.4008572482934562 49
1762154075780 0.4036296430881733 50
