1762121057423 13.993019342422485 1
1762121072298 28.863868474960327 2
1762121085840 42.40167164802551 3
1762121099625 56.18331217765808 4
1762121110327 66.88046216964722 5
1762121124656 81.20585203170776 6
1762121141071 97.6185827255249 7
1762121156273 112.81759738922119 8
1762121170403 126.9436526298523 9
1762121185374 141.9112424850464 10
1762121200652 157.18688249588013 11
1762121214495 171.02653336524963 12
1762121228659 185.18811464309692 13
1762121244729 201.25386261940002 14
1762121261185 217.7059247493744 15
1762121276276 232.79237294197083 16
1762121295356 251.87011981010437 17
1762121312962 269.47272992134094 18
1762121330763 287.2701780796051 19
1762121349718 306.22086095809937 20
1762121368457 324.9580912590027 21
1762121387224 343.72102665901184 22
1762121403831 360.32409930229187 23
1762121422127 378.6164209842682 24
1762121434581 391.0671241283417 25
1762121447981 404.4649884700775 26
1762121462687 419.16679668426514 27
1762121480217 436.6939651966095 28
1762121496489 452.9637379646301 29
1762121514424 470.8949143886566 30
1762121528069 484.5365514755249 31
1762121537392 493.8564774990082 32
1762121544798 501.2586438655853 33
1762121551832 508.2887816429138 34
1762121557813 514.2660279273987 35
1762121563680 520.1307170391083 36
1762121571110 527.5581538677216 37
1762121578525 534.9704332351685 38
1762121585319 541.7615966796875 39
1762121592843 549.2833077907562 40
1762121599778 556.2153403759003 41
1762121606568 563.0021784305573 42
1762121613217 569.6487400531769 43
1762121620818 577.24569439888 44
1762121627680 584.1035242080688 45
1762121636323 592.7428350448608 46
1762121645005 601.4215750694275 47
1762121653042 609.454690694809 48
1762121660399 616.809378862381 49
1762121667849 624.2571978569031 50
