1762121057423 1.0 1
1762121072298 2.0 2
1762121085840 3.0 3
1762121099625 4.0 4
1762121110327 5.0 5
1762121124656 6.0 6
1762121141071 7.0 7
1762121156273 8.0 8
1762121170403 9.0 9
1762121185374 10.0 10
1762121200652 11.0 11
1762121214495 12.0 12
1762121228659 13.0 13
1762121244729 14.0 14
1762121261185 15.0 15
1762121276276 16.0 16
1762121295356 17.0 17
1762121312962 18.0 18
1762121330763 19.0 19
1762121349718 20.0 20
1762121368457 21.0 21
1762121387224 22.0 22
1762121403831 23.0 23
1762121422127 24.0 24
1762121434581 25.0 25
1762121447981 26.0 26
1762121462687 27.0 27
1762121480217 28.0 28
1762121496489 29.0 29
1762121514424 30.0 30
1762121528069 31.0 31
1762121537392 32.0 32
1762121544798 33.0 33
1762121551832 34.0 34
1762121557813 35.0 35
1762121563680 36.0 36
1762121571110 37.0 37
1762121578525 38.0 38
1762121585319 39.0 39
1762121592843 40.0 40
1762121599778 41.0 41
1762121606568 42.0 42
1762121613217 43.0 43
1762121620818 44.0 44
1762121627680 45.0 45
1762121636323 46.0 46
1762121645005 47.0 47
1762121653042 48.0 48
1762121660399 49.0 49
1762121667849 50.0 50
