1762121057423 13.993019342422485 1
1762121072298 14.870849132537842 2
1762121085840 13.537803173065186 3
1762121099625 13.781640529632568 4
1762121110327 10.697149991989136 5
1762121124656 14.325389862060547 6
1762121141071 16.41273069381714 7
1762121156273 15.199014663696289 8
1762121170403 14.126055240631104 9
1762121185374 14.967589855194092 10
1762121200652 15.27564001083374 11
1762121214495 13.839650869369507 12
1762121228659 14.16158127784729 13
1762121244729 16.0657479763031 14
1762121261185 16.452062129974365 15
1762121276276 15.086448192596436 16
1762121295356 19.077746868133545 17
1762121312962 17.602610111236572 18
1762121330763 17.79744815826416 19
1762121349718 18.950682878494263 20
1762121368457 18.73723030090332 21
1762121387224 18.762935400009155 22
1762121403831 16.60307264328003 23
1762121422127 18.29232168197632 24
1762121434581 12.450703144073486 25
1762121447981 13.39786434173584 26
1762121462687 14.701808214187622 27
1762121480217 17.52716851234436 28
1762121496489 16.26977276802063 29
1762121514424 17.93117642402649 30
1762121528069 13.641637086868286 31
1762121537392 9.319926023483276 32
1762121544798 7.402166366577148 33
1762121551832 7.030137777328491 34
1762121557813 5.977246284484863 35
1762121563680 5.864689111709595 36
1762121571110 7.427436828613281 37
1762121578525 7.412279367446899 38
1762121585319 6.791163444519043 39
1762121592843 7.521711111068726 40
1762121599778 6.932032585144043 41
1762121606568 6.786838054656982 42
1762121613217 6.646561622619629 43
1762121620818 7.596954345703125 44
1762121627680 6.857829809188843 45
1762121636323 8.639310836791992 46
1762121645005 8.67874002456665 47
1762121653042 8.03311562538147 48
1762121660399 7.3546881675720215 49
1762121667849 7.447818994522095 50
