1762121057423 1.0 1
1762121072298 1.0 2
1762121085840 0.0 3
1762121099625 1.0 4
1762121110327 1.0 5
1762121124656 1.0 6
1762121141071 0.0 7
1762121156273 0.0 8
1762121170403 0.0 9
1762121185374 0.0 10
1762121200652 1.0 11
1762121214495 1.0 12
1762121228659 1.0 13
1762121244729 1.0 14
1762121261185 1.0 15
1762121276276 0.0 16
1762121295356 1.0 17
1762121312962 0.0 18
1762121330763 0.0 19
1762121349718 0.0 20
1762121368457 1.0 21
1762121387224 0.0 22
1762121403831 1.0 23
1762121422127 0.0 24
1762121434581 1.0 25
1762121447981 0.0 26
1762121462687 1.0 27
1762121480217 0.0 28
1762121496489 0.0 29
1762121514424 0.0 30
1762121528069 1.0 31
1762121537392 1.0 32
1762121544798 1.0 33
1762121551832 0.0 34
1762121557813 1.0 35
1762121563680 1.0 36
1762121571110 0.0 37
1762121578525 1.0 38
1762121585319 0.0 39
1762121592843 1.0 40
1762121599778 1.0 41
1762121606568 0.0 42
1762121613217 0.0 43
1762121620818 1.0 44
1762121627680 0.0 45
1762121636323 1.0 46
1762121645005 1.0 47
1762121653042 1.0 48
1762121660399 0.0 49
1762121667849 1.0 50
