1762121057423 0.001 1
1762121072298 0.001 2
1762121085840 0.001 3
1762121099625 0.001 4
1762121110327 0.001 5
1762121124656 0.001 6
1762121141071 0.001 7
1762121156273 0.001 8
1762121170403 0.001 9
1762121185374 0.0005 10
1762121200652 0.0005 11
1762121214495 0.0005 12
1762121228659 0.0005 13
1762121244729 0.0005 14
1762121261185 0.0005 15
1762121276276 0.0005 16
1762121295356 0.0005 17
1762121312962 0.0005 18
1762121330763 0.0005 19
1762121349718 0.0005 20
1762121368457 0.0005 21
1762121387224 0.0005 22
1762121403831 0.0005 23
1762121422127 0.0005 24
1762121434581 0.0005 25
1762121447981 0.0005 26
1762121462687 0.0005 27
1762121480217 0.0005 28
1762121496489 0.0005 29
1762121514424 0.0005 30
1762121528069 0.0005 31
1762121537392 0.0005 32
1762121544798 0.0005 33
1762121551832 0.0005 34
1762121557813 0.0005 35
1762121563680 0.0005 36
1762121571110 0.0005 37
1762121578525 0.0005 38
1762121585319 0.0005 39
1762121592843 0.0005 40
1762121599778 0.0005 41
1762121606568 0.0005 42
1762121613217 0.0005 43
1762121620818 0.0005 44
1762121627680 0.00025 45
1762121636323 0.00025 46
1762121645005 0.00025 47
1762121653042 0.00025 48
1762121660399 0.00025 49
1762121667849 0.00025 50
