1762121057423 3.9282698402037988 1
1762121072298 0.5097818397558652 2
1762121085840 0.4619755515685448 3
1762121099625 0.4614176635558789 4
1762121110327 0.44400859566835255 5
1762121124656 0.4331320272042201 6
1762121141071 0.4571739343496469 7
1762121156273 0.442369832442357 8
1762121170403 0.4411636247084691 9
1762121185374 0.4371359279522529 10
1762121200652 0.4341969948548537 11
1762121214495 0.44112950563430786 12
1762121228659 0.43412484113986677 13
1762121244729 0.44793076927845293 14
1762121261185 0.42391259853656477 15
1762121276276 0.43964850214811474 16
1762121295356 0.44214486617308396 17
1762121312962 0.4354231655597687 18
1762121330763 0.4392902965729053 19
1762121349718 0.4330296034996326 20
1762121368457 0.4340790120454935 21
1762121387224 0.43928446678014904 22
1762121403831 0.43311527371406555 23
1762121422127 0.43264309488810027 24
1762121434581 0.43094196915626526 25
1762121447981 0.3996648582128378 26
1762121462687 0.42561938900213975 27
1762121480217 0.44004865334584164 28
1762121496489 0.42941256211354184 29
1762121514424 0.4105745531045474 30
1762121528069 0.444791711293734 31
1762121537392 0.4172459771999946 32
1762121544798 0.42392871242303115 33
1762121551832 0.423225469314135 34
1762121557813 0.4160769788118509 35
1762121563680 0.4202294876942268 36
1762121571110 0.420775830745697 37
1762121578525 0.4186340272426605 38
1762121585319 0.43220470960323626 39
1762121592843 0.41368096149884737 40
1762121599778 0.4076864811090323 41
1762121606568 0.44185608396163356 42
1762121613217 0.4405288856763106 43
1762121620818 0.4114669698935289 44
1762121627680 0.44068828225135803 45
1762121636323 0.40799301404219407 46
1762121645005 0.4245370076252864 47
1762121653042 0.42601784146749055 48
1762121660399 0.4376832086306352 49
1762121667849 0.4214721963955806 50
