1761864328649 1334.7501101493835 1
1761865592833 2598.923334121704 2
1761866732984 3739.010192632675 3
1761867937303 4943.324975013733 4
1761869133271 6139.284365653992 5
1761870328108 7334.117307424545 6
1761871544290 8550.295115232468 7
1761872754285 9760.285330533981 8
1761873937121 10943.1156001091 9
1761875123063 12129.05289721489 10
1761876339869 13345.853168964386 11
1761877552671 14558.650262117386 12
1761878767628 15773.601409435272 13
1761879964981 16970.947549819946 14
1761881183616 18189.57723402977 15
1761882433217 19439.173546791077 16
1761883658274 20664.22680568695 17
1761884884770 21890.71777510643 18
1761886111493 23117.43575811386 19
1761887321938 24327.876804113388 20
1761888545944 25551.87702870369 21
1761889765229 26771.15731692314 22
1761890990573 27996.49770641327 23
1761892206111 29212.03057909012 24
1761893433399 30439.311391592026 25
1761894650830 31656.737048387527 26
1761895849769 32855.67150759697 27
1761897055360 34061.25695800781 28
1761898290982 35296.87351989746 29
1761899626751 36632.637482881546 30
1761900979364 37985.245972156525 31
1761902351688 39357.564770936966 32
1761903661797 40667.6665327549 33
1761904961080 41966.943753004074 34
1761906272657 43278.516407966614 35
1761908095401 45101.25391936302 36
1761910059283 47065.12981343269 37
1761912243411 49249.24482870102 38
1761914161739 51167.56724977493 39
1761916669169 53674.989584207535 40
1761918868969 55874.78529930115 41
1761920901131 57906.94137454033 42
1761922919392 59925.196892261505 43
1761925185859 62191.65821671486 44
1761926950131 63955.924729824066 45
1761928509765 65515.54825377464 46
1761930054516 67060.29413485527 47
1761931564153 68569.92633771896 48
1761933122579 70128.34733343124 49
1761934633447 71639.20985651016 50
