1761864328649 1334.7501101493835 1
1761865592833 1264.1732239723206 2
1761866732984 1140.086858510971 3
1761867937303 1204.3147823810577 4
1761869133271 1195.9593906402588 5
1761870328108 1194.8329417705536 6
1761871544290 1216.1778078079224 7
1761872754285 1209.9902153015137 8
1761873937121 1182.830269575119 9
1761875123063 1185.9372971057892 10
1761876339869 1216.8002717494965 11
1761877552671 1212.7970931529999 12
1761878767628 1214.9511473178864 13
1761879964981 1197.346140384674 14
1761881183616 1218.6296842098236 15
1761882433217 1249.5963127613068 16
1761883658274 1225.053258895874 17
1761884884770 1226.4909694194794 18
1761886111493 1226.717983007431 19
1761887321938 1210.441045999527 20
1761888545944 1224.0002245903015 21
1761889765229 1219.280288219452 22
1761890990573 1225.3403894901276 23
1761892206111 1215.5328726768494 24
1761893433399 1227.2808125019073 25
1761894650830 1217.4256567955017 26
1761895849769 1198.9344592094421 27
1761897055360 1205.585450410843 28
1761898290982 1235.6165618896484 29
1761899626751 1335.763962984085 30
1761900979364 1352.6084892749786 31
1761902351688 1372.3187987804413 32
1761903661797 1310.1017618179321 33
1761904961080 1299.277220249176 34
1761906272657 1311.5726549625397 35
1761908095401 1822.737511396408 36
1761910059283 1963.8758940696716 37
1761912243411 2184.115015268326 38
1761914161739 1918.3224210739136 39
1761916669169 2507.422334432602 40
1761918868969 2199.7957150936127 41
1761920901131 2032.1560752391815 42
1761922919392 2018.2555177211761 43
1761925185859 2266.461324453354 44
1761926950131 1764.2665131092072 45
1761928509765 1559.6235239505768 46
1761930054516 1544.7458810806274 47
1761931564153 1509.6322028636932 48
1761933122579 1558.4209957122803 49
1761934633447 1510.8625230789185 50
