1761864328649 1.0 1
1761865592833 2.0 2
1761866732984 3.0 3
1761867937303 4.0 4
1761869133271 5.0 5
1761870328108 6.0 6
1761871544290 7.0 7
1761872754285 8.0 8
1761873937121 9.0 9
1761875123063 10.0 10
1761876339869 11.0 11
1761877552671 12.0 12
1761878767628 13.0 13
1761879964981 14.0 14
1761881183616 15.0 15
1761882433217 16.0 16
1761883658274 17.0 17
1761884884770 18.0 18
1761886111493 19.0 19
1761887321938 20.0 20
1761888545944 21.0 21
1761889765229 22.0 22
1761890990573 23.0 23
1761892206111 24.0 24
1761893433399 25.0 25
1761894650830 26.0 26
1761895849769 27.0 27
1761897055360 28.0 28
1761898290982 29.0 29
1761899626751 30.0 30
1761900979364 31.0 31
1761902351688 32.0 32
1761903661797 33.0 33
1761904961080 34.0 34
1761906272657 35.0 35
1761908095401 36.0 36
1761910059283 37.0 37
1761912243411 38.0 38
1761914161739 39.0 39
1761916669169 40.0 40
1761918868969 41.0 41
1761920901131 42.0 42
1761922919392 43.0 43
1761925185859 44.0 44
1761926950131 45.0 45
1761928509765 46.0 46
1761930054516 47.0 47
1761931564153 48.0 48
1761933122579 49.0 49
1761934633447 50.0 50
