1761864328649 1.0 1
1761865592833 1.0 2
1761866732984 1.0 3
1761867937303 1.0 4
1761869133271 1.0 5
1761870328108 1.0 6
1761871544290 1.0 7
1761872754285 1.0 8
1761873937121 0.0 9
1761875123063 1.0 10
1761876339869 1.0 11
1761877552671 1.0 12
1761878767628 0.0 13
1761879964981 0.0 14
1761881183616 1.0 15
1761882433217 0.0 16
1761883658274 0.0 17
1761884884770 0.0 18
1761886111493 0.0 19
1761887321938 1.0 20
1761888545944 1.0 21
1761889765229 0.0 22
1761890990573 1.0 23
1761892206111 0.0 24
1761893433399 0.0 25
1761894650830 0.0 26
1761895849769 1.0 27
1761897055360 0.0 28
1761898290982 0.0 29
1761899626751 0.0 30
1761900979364 1.0 31
1761902351688 1.0 32
1761903661797 1.0 33
1761904961080 0.0 34
1761906272657 0.0 35
1761908095401 1.0 36
1761910059283 0.0 37
1761912243411 0.0 38
1761914161739 0.0 39
1761916669169 0.0 40
1761918868969 1.0 41
1761920901131 1.0 42
1761922919392 0.0 43
1761925185859 1.0 44
1761926950131 0.0 45
1761928509765 0.0 46
1761930054516 1.0 47
1761931564153 1.0 48
1761933122579 0.0 49
1761934633447 0.0 50
