1761864328649 0.001 1
1761865592833 0.001 2
1761866732984 0.001 3
1761867937303 0.001 4
1761869133271 0.001 5
1761870328108 0.001 6
1761871544290 0.001 7
1761872754285 0.001 8
1761873937121 0.001 9
1761875123063 0.001 10
1761876339869 0.001 11
1761877552671 0.001 12
1761878767628 0.001 13
1761879964981 0.001 14
1761881183616 0.001 15
1761882433217 0.001 16
1761883658274 0.001 17
1761884884770 0.001 18
1761886111493 0.0005 19
1761887321938 0.0005 20
1761888545944 0.0005 21
1761889765229 0.0005 22
1761890990573 0.0005 23
1761892206111 0.0005 24
1761893433399 0.0005 25
1761894650830 0.0005 26
1761895849769 0.0005 27
1761897055360 0.0005 28
1761898290982 0.0005 29
1761899626751 0.0005 30
1761900979364 0.00025 31
1761902351688 0.00025 32
1761903661797 0.00025 33
1761904961080 0.00025 34
1761906272657 0.00025 35
1761908095401 0.00025 36
1761910059283 0.00025 37
1761912243411 0.00025 38
1761914161739 0.00025 39
1761916669169 0.000125 40
1761918868969 0.000125 41
1761920901131 0.000125 42
1761922919392 0.000125 43
1761925185859 0.000125 44
1761926950131 0.000125 45
1761928509765 6.25e-05 46
1761930054516 6.25e-05 47
1761931564153 6.25e-05 48
1761933122579 6.25e-05 49
1761934633447 6.25e-05 50
