1761864328649 0.4570911731259746 1
1761865592833 0.4421712392553756 2
1761866732984 0.439289110657417 3
1761867937303 0.4376363938616723 4
1761869133271 0.43752588700387895 5
1761870328108 0.4370339919124004 6
1761871544290 0.4357835188523925 7
1761872754285 0.43559436605487734 8
1761873937121 0.4360302643359788 9
1761875123063 0.43592209799345644 10
1761876339869 0.43438214746459797 11
1761877552671 0.434091454902197 12
1761878767628 0.4352043117921292 13
1761879964981 0.43360377861921195 14
1761881183616 0.4347115394762306 15
1761882433217 0.4340300822529215 16
1761883658274 0.4346141445066765 17
1761884884770 0.4331866520772487 18
1761886111493 0.43436380738767916 19
1761887321938 0.43211409057051187 20
1761888545944 0.4326315931777195 21
1761889765229 0.43201860331510084 22
1761890990573 0.4303570934304808 23
1761892206111 0.43135399023621185 24
1761893433399 0.4321832135028361 25
1761894650830 0.4322502616087059 26
1761895849769 0.43118711253459285 27
1761897055360 0.4315331386388344 28
1761898290982 0.4315625361984326 29
1761899626751 0.43177411626061635 30
1761900979364 0.4302170872582348 31
1761902351688 0.4283541769711013 32
1761903661797 0.43011597175531185 33
1761904961080 0.4290237971262028 34
1761906272657 0.42927783939006103 35
1761908095401 0.42878010760962304 36
1761910059283 0.4300847739521566 37
1761912243411 0.42900966810790236 38
1761914161739 0.4285925424717687 39
1761916669169 0.428426682414044 40
1761918868969 0.4295103988940293 41
1761920901131 0.427596935117071 42
1761922919392 0.4274701238091713 43
1761925185859 0.42798141756919705 44
1761926950131 0.4280779484568056 45
1761928509765 0.42939776925378703 46
1761930054516 0.4275853585092953 47
1761931564153 0.42929450119257906 48
1761933122579 0.4270352145774145 49
1761934633447 0.4264253982913227 50
